{"pfam_path": "/tmp/pfam_test/PF00053.sto", "L_msa": 72, "N_seqs": 72, "pair_list": [[18, 36], [30, 2], [52, 42], [53, 62], [48, 4], [68, 16], [34, 1], [11, 43]], "names_used": ["LAMA1_HUMAN/849-899", "AGRIN_RAT/742-796", "LAMA1_HUMAN/1403-1449", "UNC52_CAEEL/1011-1058", "LAMB1_DROME/933-988", "LAMB1_HUMAN/917-973", "LAMB1_HUMAN/458-507", "LAMC1_MOUSE/396-440", "LAMA1_HUMAN/454-500", "LAMA1_HUMAN/1452-1506", "LAMA1_HUMAN/742-788", "LAMB1_HUMAN/1132-1176", "LAMA1_HUMAN/1044-1087", "LAMC1_DROME/902-953", "LAMB1_HUMAN/398-455", "LAMB2_RAT/413-470"], "col_pair_post": [[0.0, 0.0, 0.0, 0.0, 0.0, 0.0, 0.0, 0.0, 0.0, 0.0, 0.0, 0.0, 0.0, 0.0, 0.0, 0.0, 0.0, 0.0, 0.0, 0.0, 0.0, 0.0, 0.0, 0.0, 0.0, 0.0, 0.0, 0.0, 0.0, 0.0, 0.0, 0.0, 0.0, 0.0, 0.0, 0.0, 0.0, 0.0, 0.0, 0.0, 0.0, 0.0, 0.0, 0.0, 0.0, 0.0, 0.0, 0.0, 0.0, 0.0, 0.0, 0.0, 0.0, 0.0, 0.0, 0.0, 0.0, 0.0, 0.0, 0.0, 0.0, 0.0, 0.0, 0.0, 0.0, 0.0, 0.0, 0.0, 0.0, 0.0, 0.0, 0.0, 0.0], [0.0, 0.0, 0.0022916666666666667, 0.09109375, 0.0031770833333333334, 0.00234375, 0.0027083333333333334, 0.0031770833333333334, 0.0013020833333333333, 0.0013541666666666667, 0.0017708333333333332, 0.00015625, 0.0, 0.0, 0.0021875, 0.0013541666666666667, 0.00125, 0.0008333333333333334, 0.04375, 0.0034895833333333333, 0.00125, 0.00015625, 0.00036458333333333335, 0.0004166666666666667, 0.0, 0.0, 0.0, 0.0, 0.0, 0.0, 0.00026041666666666666, 0.0008333333333333334, 0.0013020833333333333, 0.0033854166666666668, 0.0049479166666666664, 0.00125, 0.030208333333333334, 0.0016145833333333333, 0.0009375, 0.048802083333333336, 0.00125, 0.0011458333333333333, 0.015364583333333333, 0.0015104166666666666, 0.0015104166666666666, 0.0071875, 0.0014583333333333334, 0.0021875, 0.061875, 0.00125, 0.0010416666666666667, 0.08203125, 0.0015625, 0.0016666666666666668, 0.004270833333333333, 0.0026041666666666665, 0.0015104166666666666, 0.0034375, 0.00328125, 0.0021875, 0.00171875, 0.0004166666666666667, 0.00046875, 0.0, 0.0, 0.0, 0.0007291666666666667, 0.0013020833333333333, 0.0021875, 0.0031770833333333334, 0.0010416666666666667, 0.003958333333333334, 0.06041666666666667], [0.0, 0.0022916666666666667, 0.0, 0.0014583333333333334, 0.00921875, 0.0031770833333333334, 0.005052083333333333, 0.005416666666666667, 0.00578125, 0.004479166666666667, 0.0046875, 0.0009895833333333334, 0.00010416666666666667, 0.0, 0.0004166666666666667, 0.0021875, 0.005416666666666667, 0.004895833333333334, 0.00109375, 0.00640625, 0.00578125, 0.002395833333333333, 0.0004166666666666667, 0.0003125, 0.00026041666666666666, 0.0, 0.0, 0.0, 0.0, 0.0, 0.00026041666666666666, 0.0008854166666666666, 0.005572916666666667, 0.004427083333333333, 0.0033333333333333335, 0.008489583333333333, 0.0040625, 0.0038541666666666668, 0.0018229166666666667, 0.001979166666666667, 0.005260416666666667, 0.0067708333333333336, 0.00328125, 0.00546875, 0.005885416666666666, 0.002395833333333333, 0.0021875, 0.002447916666666667, 0.0034375, 0.005104166666666667, 0.004895833333333334, 0.0025, 0.0078125, 0.0059375, 0.0027083333333333334, 0.00375, 0.0032291666666666666, 0.00609375, 0.005416666666666667, 0.0033333333333333335, 0.0030729166666666665, 0.000625, 0.0004166666666666667, 0.0003125, 0.00015625, 0.0, 0.0010416666666666667, 0.005416666666666667, 0.0065625, 0.004322916666666667, 0.0025520833333333333, 0.00109375, 0.0020833333333333333], [0.0, 0.09109375, 0.0014583333333333334, 0.0, 0.005625, 0.001875, 0.004895833333333334, 0.004895833333333334, 0.002447916666666667, 0.0007291666666666667, 0.001875, 5.208333333333334e-05, 0.0, 0.00010416666666666667, 0.004270833333333333, 0.0005729166666666667, 0.0009375, 0.0013541666666666667, 0.04796875, 0.0021354166666666665, 0.002447916666666667, 0.0003125, 0.0004166666666666667, 0.0, 5.208333333333334e-05, 0.0, 0.0, 0.0, 5.208333333333334e-05, 0.000625, 0.0004166666666666667, 0.0008333333333333334, 0.001875, 0.0040625, 0.004375, 0.0015104166666666666, 0.07114583333333334, 0.0015104166666666666, 0.0006770833333333334, 0.06286458333333333, 0.0007291666666666667, 0.0016666666666666668, 0.004375, 0.00140625, 0.00171875, 0.007291666666666667, 0.000625, 0.0011458333333333333, 0.0609375, 0.00125, 0.0004166666666666667, 0.04963541666666667, 0.0008333333333333334, 0.0006770833333333334, 0.004166666666666667, 0.005, 0.006302083333333333, 0.00546875, 0.00171875, 0.0009375, 0.0019270833333333334, 0.00026041666666666666, 0.0004166666666666667, 0.0, 0.0, 0.00015625, 0.000625, 0.0014583333333333334, 0.0016666666666666668, 0.0016666666666666668, 0.0006770833333333334, 0.0011979166666666666, 0.0796875], [0.0, 0.0031770833333333334, 0.00921875, 0.005625, 0.0, 0.013229166666666667, 0.00515625, 0.00390625, 0.004166666666666667, 0.00453125, 0.00625, 0.0005729166666666667, 0.00046875, 5.208333333333334e-05, 0.00020833333333333335, 0.002447916666666667, 0.004583333333333333, 0.003958333333333334, 0.003958333333333334, 0.0034375, 0.0031770833333333334, 0.0006770833333333334, 0.0011458333333333333, 0.0, 0.0, 0.0, 0.0, 0.0, 0.0, 0.00010416666666666667, 0.0009895833333333334, 0.000625, 0.0040625, 0.0033333333333333335, 0.00265625, 0.0025520833333333333, 0.00359375, 0.006666666666666667, 0.0036458333333333334, 0.004375, 0.009427083333333334, 0.0036979166666666666, 0.00546875, 0.0032291666666666666, 0.0071875, 0.006145833333333333, 0.012447916666666666, 0.006875, 0.0060416666666666665, 0.00421875, 0.002447916666666667, 0.0034375, 0.005520833333333333, 0.0056770833333333335, 0.00484375, 0.00796875, 0.0103125, 0.0034375, 0.0036979166666666666, 0.0040104166666666665, 0.004270833333333333, 0.00026041666666666666, 5.208333333333334e-05, 0.0005208333333333333, 0.00020833333333333335, 0.0, 0.0018229166666666667, 0.00390625, 0.005208333333333333, 0.0053125, 0.0021354166666666665, 0.005520833333333333, 0.008541666666666666], [0.0, 0.00234375, 0.0031770833333333334, 0.001875, 0.013229166666666667, 0.0, 0.005052083333333333, 0.007239583333333333, 0.0015625, 0.0016666666666666668, 0.0022395833333333334, 0.00015625, 0.0, 0.0, 0.00036458333333333335, 0.0015104166666666666, 0.0027083333333333334, 0.00296875, 0.005, 0.013072916666666667, 0.004427083333333333, 5.208333333333334e-05, 5.208333333333334e-05, 0.0, 0.0, 0.0, 0.0, 0.0, 0.0, 0.0, 0.000625, 0.00020833333333333335, 0.00109375, 0.0016145833333333333, 0.004427083333333333, 0.0020833333333333333, 0.0017708333333333332, 0.0027083333333333334, 0.0013020833333333333, 0.00140625, 0.00203125, 0.003125, 0.004583333333333333, 0.010104166666666666, 0.004166666666666667, 0.005625, 0.00328125, 0.0021354166666666665, 0.0018229166666666667, 0.004635416666666667, 0.002864583333333333, 0.001875, 0.00359375, 0.0047395833333333335, 0.0032291666666666666, 0.0013020833333333333, 0.00078125, 0.003958333333333334, 0.0022395833333333334, 0.002447916666666667, 0.0035416666666666665, 0.00026041666666666666, 5.208333333333334e-05, 0.0010416666666666667, 0.0, 0.0, 0.0007291666666666667, 0.005364583333333333, 0.0025, 0.0021354166666666665, 0.002447916666666667, 0.0033333333333333335, 0.0036979166666666666], [0.0, 0.0027083333333333334, 0.005052083333333333, 0.004895833333333334, 0.00515625, 0.005052083333333333, 0.0, 0.005104166666666667, 0.005104166666666667, 0.003958333333333334, 0.00421875, 0.0011979166666666666, 5.208333333333334e-05, 0.0, 0.000625, 0.0036979166666666666, 0.0038541666666666668, 0.004895833333333334, 0.00296875, 0.0022916666666666667, 0.00625, 0.0004166666666666667, 0.00078125, 0.0, 0.0, 0.0, 0.0, 0.0, 0.0, 0.0, 0.00010416666666666667, 0.0004166666666666667, 0.0020833333333333333, 0.00578125, 0.0025520833333333333, 0.002916666666666667, 0.00140625, 0.0033333333333333335, 0.0011979166666666666, 0.00421875, 0.0027604166666666667, 0.006614583333333333, 0.00359375, 0.004375, 0.00375, 0.0046875, 0.00609375, 0.0025520833333333333, 0.006458333333333333, 0.00125, 0.0038541666666666668, 0.0017708333333333332, 0.006302083333333333, 0.010885416666666667, 0.002916666666666667, 0.0020833333333333333, 0.0019270833333333334, 0.00625, 0.0040625, 0.005208333333333333, 0.0020833333333333333, 0.0, 0.00010416666666666667, 0.0, 0.0, 0.0, 0.00020833333333333335, 0.0033854166666666668, 0.0027083333333333334, 0.004479166666666667, 0.0021354166666666665, 0.005208333333333333, 0.004375], [0.0, 0.0031770833333333334, 0.005416666666666667, 0.004895833333333334, 0.00390625, 0.007239583333333333, 0.005104166666666667, 0.0, 0.00171875, 0.000625, 0.0035416666666666665, 0.00078125, 0.0, 5.208333333333334e-05, 0.00036458333333333335, 0.0020833333333333333, 0.002864583333333333, 0.004791666666666666, 0.0027083333333333334, 0.007552083333333333, 0.00453125, 0.0004166666666666667, 0.0005208333333333333, 0.00015625, 0.0, 0.0, 0.0, 0.0, 0.0, 0.0, 0.0004166666666666667, 0.00026041666666666666, 0.0049479166666666664, 0.003958333333333334, 0.00890625, 0.0053125, 0.003958333333333334, 0.00390625, 0.0015625, 0.00359375, 0.0021875, 0.0010416666666666667, 0.005104166666666667, 0.005, 0.007291666666666667, 0.007604166666666667, 0.005833333333333334, 0.0021354166666666665, 0.00421875, 0.005260416666666667, 0.0031770833333333334, 0.004375, 0.002447916666666667, 0.0027604166666666667, 0.005208333333333333, 0.0031770833333333334, 0.004427083333333333, 0.0033333333333333335, 0.003125, 0.00171875, 0.002864583333333333, 0.00015625, 0.0, 0.0008854166666666666, 0.0, 0.00010416666666666667, 0.0006770833333333334, 0.00390625, 0.0040625, 0.0027083333333333334, 0.0020833333333333333, 0.004427083333333333, 0.005416666666666667], [0.0, 0.0013020833333333333, 0.00578125, 0.002447916666666667, 0.004166666666666667, 0.0015625, 0.005104166666666667, 0.00171875, 0.0, 0.0040625, 0.008020833333333333, 0.0003125, 0.0, 5.208333333333334e-05, 0.0, 0.00234375, 0.0018229166666666667, 0.0027083333333333334, 0.0025520833333333333, 0.0021354166666666665, 0.004895833333333334, 0.0006770833333333334, 0.0011458333333333333, 0.0, 0.0, 0.0, 0.0, 0.0, 0.00140625, 0.0, 0.000625, 0.0003125, 0.005989583333333334, 0.00359375, 0.00125, 0.002447916666666667, 0.0027083333333333334, 0.004166666666666667, 0.00026041666666666666, 0.00296875, 0.0028125, 0.004427083333333333, 0.005260416666666667, 0.00796875, 0.004635416666666667, 0.00671875, 0.00375, 0.0053125, 0.0013020833333333333, 0.004427083333333333, 0.0035416666666666665, 0.002864583333333333, 0.00265625, 0.0034895833333333333, 0.00546875, 0.00203125, 0.0025, 0.0038541666666666668, 0.006302083333333333, 0.0014583333333333334, 0.00359375, 0.0, 0.0005729166666666667, 5.208333333333334e-05, 0.0016145833333333333, 5.208333333333334e-05, 0.00026041666666666666, 0.002395833333333333, 0.004583333333333333, 0.0017708333333333332, 0.0022395833333333334, 0.004270833333333333, 0.0027083333333333334], [0.0, 0.0013541666666666667, 0.004479166666666667, 0.0007291666666666667, 0.00453125, 0.0016666666666666668, 0.003958333333333334, 0.000625, 0.0040625, 0.0, 0.00125, 0.00020833333333333335, 0.00026041666666666666, 0.0, 0.0, 0.00171875, 0.001875, 0.0014583333333333334, 0.0011458333333333333, 0.0025, 0.005729166666666666, 0.000625, 0.00026041666666666666, 5.208333333333334e-05, 0.0, 0.0, 0.0, 0.0, 0.0, 0.0, 0.0006770833333333334, 0.0005208333333333333, 0.0040625, 0.004375, 0.0025, 0.003958333333333334, 0.0016666666666666668, 0.0047395833333333335, 0.0015625, 0.0007291666666666667, 0.003125, 0.0021875, 0.0038020833333333335, 0.0027083333333333334, 0.0036979166666666666, 0.00109375, 0.001875, 0.00203125, 0.0018229166666666667, 0.0017708333333333332, 0.004895833333333334, 0.0004166666666666667, 0.0034375, 0.0032291666666666666, 0.00171875, 0.00234375, 0.0015625, 0.00203125, 0.002447916666666667, 0.004427083333333333, 0.00328125, 0.00020833333333333335, 0.00015625, 5.208333333333334e-05, 0.00078125, 0.00026041666666666666, 0.001875, 0.0022395833333333334, 0.0031770833333333334, 0.0033854166666666668, 0.0013541666666666667, 0.0033854166666666668, 0.0013541666666666667], [0.0, 0.0017708333333333332, 0.0046875, 0.001875, 0.00625, 0.0022395833333333334, 0.00421875, 0.0035416666666666665, 0.008020833333333333, 0.00125, 0.0, 0.0006770833333333334, 0.00020833333333333335, 0.0, 0.0, 0.0026041666666666665, 0.0020833333333333333, 0.002916666666666667, 0.00140625, 0.0047395833333333335, 0.0046875, 0.0027083333333333334, 0.00010416666666666667, 0.0, 0.0, 0.0, 0.0, 0.0, 0.00020833333333333335, 0.0, 0.00010416666666666667, 5.208333333333334e-05, 0.00421875, 0.0022916666666666667, 0.002447916666666667, 0.002864583333333333, 0.0014583333333333334, 0.00515625, 0.0011979166666666666, 0.0010416666666666667, 0.004583333333333333, 0.0040104166666666665, 0.0040104166666666665, 0.0046875, 0.003125, 0.0020833333333333333, 0.00671875, 0.00546875, 0.0014583333333333334, 0.0049479166666666664, 0.004166666666666667, 0.0019270833333333334, 0.007447916666666667, 0.004166666666666667, 0.0034375, 0.00359375, 0.002864583333333333, 0.0032291666666666666, 0.004583333333333333, 0.002447916666666667, 0.0025520833333333333, 0.00010416666666666667, 0.000625, 0.00015625, 0.0, 0.00015625, 0.00010416666666666667, 0.004583333333333333, 0.0034375, 0.005416666666666667, 0.0008854166666666666, 0.0046875, 0.003125], [0.0, 0.00015625, 0.0009895833333333334, 5.208333333333334e-05, 0.0005729166666666667, 0.00015625, 0.0011979166666666666, 0.00078125, 0.0003125, 0.00020833333333333335, 0.0006770833333333334, 0.0, 0.0, 0.0, 0.0, 0.0013020833333333333, 5.208333333333334e-05, 0.0008333333333333334, 0.00010416666666666667, 0.00171875, 0.0003125, 0.0008854166666666666, 5.208333333333334e-05, 0.0, 0.0, 0.0, 0.0, 0.0, 0.0, 0.0, 0.00036458333333333335, 0.00036458333333333335, 0.000625, 0.0011458333333333333, 0.0011979166666666666, 0.0013541666666666667, 0.00046875, 0.00125, 0.00036458333333333335, 0.00036458333333333335, 0.0008854166666666666, 0.0005208333333333333, 0.0010416666666666667, 0.0015104166666666666, 0.00015625, 0.0015625, 0.0013541666666666667, 0.0010416666666666667, 0.00020833333333333335, 0.0008333333333333334, 0.0005729166666666667, 0.0007291666666666667, 0.00109375, 0.0009895833333333334, 0.0011979166666666666, 0.00140625, 0.00015625, 0.0011979166666666666, 0.0013020833333333333, 0.0008333333333333334, 0.0003125, 0.0, 0.0, 0.0, 0.0, 0.0, 0.0, 0.0013020833333333333, 0.00036458333333333335, 0.00078125, 0.0, 0.0005729166666666667, 0.0009375], [0.0, 0.0, 0.00010416666666666667, 0.0, 0.00046875, 0.0, 5.208333333333334e-05, 0.0, 0.0, 0.00026041666666666666, 0.00020833333333333335, 0.0, 0.0, 0.0, 0.0, 0.0008333333333333334, 5.208333333333334e-05, 0.0006770833333333334, 0.0, 0.00015625, 5.208333333333334e-05, 0.00010416666666666667, 0.0, 0.0, 0.0, 0.0, 0.0, 0.0, 0.0, 0.0, 0.0, 0.00010416666666666667, 0.0, 0.00026041666666666666, 0.00015625, 5.208333333333334e-05, 0.0, 5.208333333333334e-05, 0.0, 0.0, 0.00015625, 0.00010416666666666667, 0.00046875, 0.0, 0.0008333333333333334, 0.00036458333333333335, 0.0005208333333333333, 0.00020833333333333335, 0.0, 0.00015625, 0.00026041666666666666, 0.0, 0.00020833333333333335, 0.00020833333333333335, 0.0, 0.0003125, 0.00026041666666666666, 0.0006770833333333334, 0.00015625, 0.00010416666666666667, 0.00020833333333333335, 0.0, 0.0, 0.0, 0.0, 0.0, 0.0, 0.00020833333333333335, 0.00036458333333333335, 0.00036458333333333335, 0.0, 0.00125, 0.0], [0.0, 0.0, 0.0, 0.00010416666666666667, 5.208333333333334e-05, 0.0, 0.0, 5.208333333333334e-05, 5.208333333333334e-05, 0.0, 0.0, 0.0, 0.0, 0.0, 0.0006770833333333334, 0.0, 0.0, 5.208333333333334e-05, 0.0, 0.0, 0.0, 0.0, 0.0, 0.0, 0.0, 0.0, 0.0, 0.0, 0.0, 0.0, 0.0, 0.0, 0.00010416666666666667, 0.0, 0.00015625, 0.0, 0.0, 0.00036458333333333335, 0.0, 0.0, 0.0, 0.00020833333333333335, 0.00078125, 0.00015625, 0.0, 0.0, 0.0, 0.00015625, 0.00010416666666666667, 0.0, 0.0, 0.0, 0.0, 0.00010416666666666667, 0.0, 0.00015625, 0.0, 0.0003125, 0.00015625, 0.0, 0.0, 0.0, 0.0, 0.0, 0.0, 0.0, 0.0, 0.0, 0.0, 0.0, 0.0, 5.208333333333334e-05, 0.0], [0.0, 0.0021875, 0.0004166666666666667, 0.004270833333333333, 0.00020833333333333335, 0.00036458333333333335, 0.000625, 0.00036458333333333335, 0.0, 0.0, 0.0, 0.0, 0.0, 0.0006770833333333334, 0.0, 0.0004166666666666667, 0.00010416666666666667, 0.00020833333333333335, 0.0016145833333333333, 0.00046875, 0.0005208333333333333, 0.0003125, 0.0, 0.0, 0.0, 0.0, 0.0, 0.0, 0.0, 0.0, 0.00015625, 0.0, 0.0008333333333333334, 0.00036458333333333335, 0.00010416666666666667, 0.000625, 0.0009895833333333334, 0.0016666666666666668, 0.0, 0.002916666666666667, 0.00036458333333333335, 0.0005208333333333333, 0.000625, 0.00026041666666666666, 0.0007291666666666667, 0.00010416666666666667, 0.00015625, 0.00020833333333333335, 0.0036979166666666666, 0.00015625, 0.0004166666666666667, 0.001875, 0.0009895833333333334, 0.0015625, 0.00020833333333333335, 0.0007291666666666667, 0.0004166666666666667, 0.00010416666666666667, 0.0005729166666666667, 0.0034375, 5.208333333333334e-05, 0.0, 0.0, 0.0, 0.0, 0.0, 0.0, 0.0, 0.00010416666666666667, 5.208333333333334e-05, 0.0, 0.00010416666666666667, 0.0049479166666666664], [0.0, 0.0013541666666666667, 0.0021875, 0.0005729166666666667, 0.002447916666666667, 0.0015104166666666666, 0.0036979166666666666, 0.0020833333333333333, 0.00234375, 0.00171875, 0.0026041666666666665, 0.0013020833333333333, 0.0008333333333333334, 0.0, 0.0004166666666666667, 0.0, 0.0011458333333333333, 0.0011979166666666666, 0.00109375, 0.0033333333333333335, 0.001979166666666667, 0.00026041666666666666, 0.00020833333333333335, 0.0, 0.0, 0.0, 0.0, 0.0, 0.00015625, 0.00010416666666666667, 0.00020833333333333335, 0.0020833333333333333, 0.0022395833333333334, 0.0017708333333333332, 0.005416666666666667, 0.00265625, 0.001979166666666667, 0.0032291666666666666, 0.0005729166666666667, 0.00203125, 0.00171875, 0.0020833333333333333, 0.0013541666666666667, 0.0028125, 0.00296875, 0.002447916666666667, 0.008697916666666666, 0.00078125, 0.00140625, 0.0027083333333333334, 0.00203125, 0.0011979166666666666, 0.0075, 0.0027083333333333334, 0.0013541666666666667, 0.0038541666666666668, 0.0022916666666666667, 0.0031770833333333334, 0.00265625, 0.00125, 0.00328125, 0.0, 0.0, 0.0, 0.0, 0.0, 0.0, 0.004270833333333333, 0.0049479166666666664, 0.00109375, 0.0015104166666666666, 0.00203125, 0.00203125], [0.0, 0.00125, 0.005416666666666667, 0.0009375, 0.004583333333333333, 0.0027083333333333334, 0.0038541666666666668, 0.002864583333333333, 0.0018229166666666667, 0.001875, 0.0020833333333333333, 5.208333333333334e-05, 5.208333333333334e-05, 0.0, 0.00010416666666666667, 0.0011458333333333333, 0.0, 0.0021354166666666665, 0.0016145833333333333, 0.006458333333333333, 0.005625, 0.0014583333333333334, 0.00036458333333333335, 0.00010416666666666667, 0.0, 0.0, 0.0, 0.0, 0.0, 0.0, 0.0003125, 0.0009375, 0.00375, 0.00328125, 0.00390625, 0.0038020833333333335, 0.0022916666666666667, 0.0025520833333333333, 0.0013020833333333333, 0.00203125, 0.00328125, 0.0027083333333333334, 0.00515625, 0.0031770833333333334, 0.00671875, 0.00390625, 0.00328125, 0.0016145833333333333, 0.0035416666666666665, 0.004375, 0.0033854166666666668, 0.0010416666666666667, 0.00375, 0.004635416666666667, 0.0027083333333333334, 0.005416666666666667, 0.002864583333333333, 0.00171875, 0.00359375, 0.0011458333333333333, 0.003958333333333334, 0.000625, 0.00020833333333333335, 0.0010416666666666667, 0.0004166666666666667, 0.00010416666666666667, 0.00020833333333333335, 0.0025520833333333333, 0.002447916666666667, 0.004166666666666667, 0.0008333333333333334, 0.006145833333333333, 0.0040104166666666665], [0.0, 0.0008333333333333334, 0.004895833333333334, 0.0013541666666666667, 0.003958333333333334, 0.00296875, 0.004895833333333334, 0.004791666666666666, 0.0027083333333333334, 0.0014583333333333334, 0.002916666666666667, 0.0008333333333333334, 0.0006770833333333334, 5.208333333333334e-05, 0.00020833333333333335, 0.0011979166666666666, 0.0021354166666666665, 0.0, 0.0008854166666666666, 0.0034375, 0.0030208333333333333, 0.00078125, 0.00020833333333333335, 0.0, 0.0, 0.0, 0.0, 0.0, 0.0, 0.0, 0.00026041666666666666, 0.0003125, 0.004322916666666667, 0.0032291666666666666, 0.0026041666666666665, 0.0027083333333333334, 0.0014583333333333334, 0.003958333333333334, 0.0018229166666666667, 0.001875, 0.00515625, 0.0022916666666666667, 0.0030729166666666665, 0.0033333333333333335, 0.004635416666666667, 0.00328125, 0.01046875, 0.004166666666666667, 0.0010416666666666667, 0.00328125, 0.00453125, 0.0016666666666666668, 0.004270833333333333, 0.004114583333333333, 0.0038541666666666668, 0.00515625, 0.004166666666666667, 0.006666666666666667, 0.004583333333333333, 0.002447916666666667, 0.004427083333333333, 0.0004166666666666667, 0.0, 0.0, 5.208333333333334e-05, 0.00010416666666666667, 0.00036458333333333335, 0.0025, 0.007447916666666667, 0.0038541666666666668, 0.0011979166666666666, 0.0027083333333333334, 0.001979166666666667], [0.0, 0.04375, 0.00109375, 0.04796875, 0.003958333333333334, 0.005, 0.00296875, 0.0027083333333333334, 0.0025520833333333333, 0.0011458333333333333, 0.00140625, 0.00010416666666666667, 0.0, 0.0, 0.0016145833333333333, 0.00109375, 0.0016145833333333333, 0.0008854166666666666, 0.0, 0.0027083333333333334, 0.0019270833333333334, 0.00015625, 0.00010416666666666667, 0.00046875, 0.0, 0.0, 0.0, 0.0, 0.0, 0.0, 0.0, 0.00010416666666666667, 0.0025, 0.00171875, 0.0033854166666666668, 0.0011979166666666666, 0.026770833333333334, 0.0018229166666666667, 0.0010416666666666667, 0.0403125, 0.0009375, 0.0022916666666666667, 0.0032291666666666666, 0.0015104166666666666, 0.0016145833333333333, 0.0059375, 0.0016666666666666668, 0.0013020833333333333, 0.06505208333333333, 0.0013541666666666667, 0.0033333333333333335, 0.0840625, 0.0013541666666666667, 0.0011458333333333333, 0.00359375, 0.00421875, 0.0030208333333333333, 0.004375, 0.00234375, 0.00140625, 0.0033333333333333335, 0.0, 0.00036458333333333335, 0.0, 0.00010416666666666667, 0.00010416666666666667, 0.00046875, 0.00203125, 0.0040625, 0.0031770833333333334, 0.00078125, 0.003958333333333334, 0.02953125], [0.0, 0.0034895833333333333, 0.00640625, 0.0021354166666666665, 0.0034375, 0.013072916666666667, 0.0022916666666666667, 0.007552083333333333, 0.0021354166666666665, 0.0025, 0.0047395833333333335, 0.00171875, 0.00015625, 0.0, 0.00046875, 0.0033333333333333335, 0.006458333333333333, 0.0034375, 0.0027083333333333334, 0.0, 0.005729166666666666, 0.000625, 0.00020833333333333335, 0.00010416666666666667, 0.0, 0.0, 0.0, 0.0, 0.00020833333333333335, 0.0, 0.00015625, 0.00036458333333333335, 0.0033333333333333335, 0.004791666666666666, 0.007760416666666666, 0.005104166666666667, 0.0025, 0.0033854166666666668, 0.002395833333333333, 0.0033333333333333335, 0.0053125, 0.005625, 0.00421875, 0.004479166666666667, 0.005364583333333333, 0.00640625, 0.008125, 0.0030729166666666665, 0.001875, 0.0036979166666666666, 0.00328125, 0.0018229166666666667, 0.00375, 0.00625, 0.0065625, 0.0020833333333333333, 0.002864583333333333, 0.0028125, 0.0030729166666666665, 0.0028125, 0.0015104166666666666, 0.00109375, 0.0, 0.0007291666666666667, 0.00020833333333333335, 0.00020833333333333335, 0.0009375, 0.00421875, 0.0030208333333333333, 0.0047395833333333335, 0.0013020833333333333, 0.005364583333333333, 0.00375], [0.0, 0.00125, 0.00578125, 0.002447916666666667, 0.0031770833333333334, 0.004427083333333333, 0.00625, 0.00453125, 0.004895833333333334, 0.005729166666666666, 0.0046875, 0.0003125, 5.208333333333334e-05, 0.0, 0.0005208333333333333, 0.001979166666666667, 0.005625, 0.0030208333333333333, 0.0019270833333333334, 0.005729166666666666, 0.0, 0.0006770833333333334, 0.00046875, 0.0, 0.0, 0.0, 0.0, 0.0, 5.208333333333334e-05, 0.0, 0.0, 0.00010416666666666667, 0.0038020833333333335, 0.00484375, 0.0034895833333333333, 0.005104166666666667, 0.0017708333333333332, 0.005989583333333334, 0.0013020833333333333, 0.0013541666666666667, 0.005104166666666667, 0.006614583333333333, 0.004583333333333333, 0.009322916666666667, 0.0049479166666666664, 0.006510416666666667, 0.005208333333333333, 0.00390625, 0.0015104166666666666, 0.0056770833333333335, 0.011822916666666667, 0.0026041666666666665, 0.006822916666666666, 0.0028125, 0.00359375, 0.0027604166666666667, 0.0033333333333333335, 0.0025520833333333333, 0.0040104166666666665, 0.005052083333333333, 0.006197916666666667, 0.00026041666666666666, 0.00015625, 5.208333333333334e-05, 5.208333333333334e-05, 0.0, 0.00046875, 0.0053125, 0.0047395833333333335, 0.0026041666666666665, 0.0009375, 0.0040104166666666665, 0.00078125], [0.0, 0.00015625, 0.002395833333333333, 0.0003125, 0.0006770833333333334, 5.208333333333334e-05, 0.0004166666666666667, 0.0004166666666666667, 0.0006770833333333334, 0.000625, 0.0027083333333333334, 0.0008854166666666666, 0.00010416666666666667, 0.0, 0.0003125, 0.00026041666666666666, 0.0014583333333333334, 0.00078125, 0.00015625, 0.000625, 0.0006770833333333334, 0.0, 0.00015625, 0.0, 0.0, 0.0, 0.0, 0.0, 0.0, 0.0, 0.00046875, 0.0008854166666666666, 0.0, 0.00078125, 0.0003125, 0.00026041666666666666, 0.00026041666666666666, 0.0005208333333333333, 0.00026041666666666666, 0.0005729166666666667, 0.0005729166666666667, 0.00015625, 0.0007291666666666667, 0.00078125, 0.00010416666666666667, 0.0015625, 0.0004166666666666667, 0.0010416666666666667, 0.00010416666666666667, 0.0007291666666666667, 0.00036458333333333335, 0.00036458333333333335, 0.00078125, 0.00026041666666666666, 0.00078125, 0.00010416666666666667, 0.0011979166666666666, 0.00026041666666666666, 0.0020833333333333333, 0.0017708333333333332, 0.0008854166666666666, 0.0, 0.0, 0.0, 0.0, 0.0, 0.0, 0.0010416666666666667, 0.000625, 0.00046875, 0.0010416666666666667, 0.00109375, 0.0005208333333333333], [0.0, 0.00036458333333333335, 0.0004166666666666667, 0.0004166666666666667, 0.0011458333333333333, 5.208333333333334e-05, 0.00078125, 0.0005208333333333333, 0.0011458333333333333, 0.00026041666666666666, 0.00010416666666666667, 5.208333333333334e-05, 0.0, 0.0, 0.0, 0.00020833333333333335, 0.00036458333333333335, 0.00020833333333333335, 0.00010416666666666667, 0.00020833333333333335, 0.00046875, 0.00015625, 0.0, 0.00010416666666666667, 0.0, 0.0, 0.0, 0.0, 0.0, 0.0, 0.00020833333333333335, 0.00015625, 0.00036458333333333335, 0.00046875, 0.0009895833333333334, 0.00046875, 0.00020833333333333335, 0.0005729166666666667, 0.0, 0.00078125, 0.00109375, 0.0005729166666666667, 0.00010416666666666667, 0.004322916666666667, 0.0010416666666666667, 0.000625, 0.0008854166666666666, 5.208333333333334e-05, 0.00010416666666666667, 0.0010416666666666667, 0.0013020833333333333, 0.0004166666666666667, 0.00078125, 0.00026041666666666666, 0.0009375, 0.0007291666666666667, 0.00036458333333333335, 0.0004166666666666667, 0.0013541666666666667, 0.0005729166666666667, 0.0009375, 0.0, 0.0, 0.0, 0.0, 0.0, 0.0, 0.0004166666666666667, 0.00026041666666666666, 0.00015625, 0.0, 0.0006770833333333334, 0.00020833333333333335], [0.0, 0.0004166666666666667, 0.0003125, 0.0, 0.0, 0.0, 0.0, 0.00015625, 0.0, 5.208333333333334e-05, 0.0, 0.0, 0.0, 0.0, 0.0, 0.0, 0.00010416666666666667, 0.0, 0.00046875, 0.00010416666666666667, 0.0, 0.0, 0.00010416666666666667, 0.0, 0.0, 0.0, 0.0, 0.0, 0.0, 0.0, 0.0, 0.0, 5.208333333333334e-05, 0.0, 0.0, 0.0, 0.00015625, 0.00015625, 0.0, 0.0003125, 0.0, 0.0, 0.0, 0.0, 0.0, 0.0, 0.0, 0.0, 0.0, 0.0003125, 0.0, 0.0, 0.0, 0.0, 0.0, 0.0, 0.0, 0.0, 5.208333333333334e-05, 5.208333333333334e-05, 0.0, 0.0, 0.0, 0.0, 0.0, 0.0, 0.0, 0.00010416666666666667, 0.0, 0.0, 0.0, 0.0, 0.0], [0.0, 0.0, 0.00026041666666666666, 5.208333333333334e-05, 0.0, 0.0, 0.0, 0.0, 0.0, 0.0, 0.0, 0.0, 0.0, 0.0, 0.0, 0.0, 0.0, 0.0, 0.0, 0.0, 0.0, 0.0, 0.0, 0.0, 0.0, 0.0, 0.0, 0.0, 0.0, 0.0, 0.0, 0.0, 0.0, 0.0, 0.0, 0.00010416666666666667, 0.0, 0.00026041666666666666, 0.0, 0.0, 0.0, 0.0, 5.208333333333334e-05, 0.0, 0.0, 5.208333333333334e-05, 5.208333333333334e-05, 0.0, 0.0, 0.0, 0.0, 0.0, 0.0, 0.0, 0.0, 0.0, 5.208333333333334e-05, 0.0, 0.0, 0.00036458333333333335, 0.0, 0.0, 0.0, 0.0, 0.0, 0.0, 0.0, 0.00015625, 0.0, 0.0, 5.208333333333334e-05, 0.0, 5.208333333333334e-05], [0.0, 0.0, 0.0, 0.0, 0.0, 0.0, 0.0, 0.0, 0.0, 0.0, 0.0, 0.0, 0.0, 0.0, 0.0, 0.0, 0.0, 0.0, 0.0, 0.0, 0.0, 0.0, 0.0, 0.0, 0.0, 0.0, 0.0, 0.0, 0.0, 0.0, 0.0, 0.0, 0.0, 0.0, 0.0, 0.0, 0.0, 0.0, 0.0, 0.0, 0.0, 0.0, 0.0, 0.0, 0.0, 0.0, 0.0, 0.0, 0.0, 0.0, 0.0, 0.0, 0.0, 0.0, 0.0, 0.0, 0.0, 0.0, 0.0, 0.0, 0.0, 0.0, 0.0, 0.0, 0.0, 0.0, 0.0, 0.0, 0.0, 0.0, 0.0, 0.0, 0.0], [0.0, 0.0, 0.0, 0.0, 0.0, 0.0, 0.0, 0.0, 0.0, 0.0, 0.0, 0.0, 0.0, 0.0, 0.0, 0.0, 0.0, 0.0, 0.0, 0.0, 0.0, 0.0, 0.0, 0.0, 0.0, 0.0, 0.0, 0.0, 0.0, 0.0, 0.0, 0.0, 0.0, 0.0, 0.0, 0.0, 0.0, 0.0, 0.0, 0.0, 0.0, 0.0, 0.0, 0.0, 0.0, 0.0, 0.0, 0.0, 0.0, 0.0, 0.0, 0.0, 0.0, 0.0, 0.0, 0.0, 0.0, 0.0, 0.0, 0.0, 0.0, 0.0, 0.0, 0.0, 0.0, 0.0, 0.0, 0.0, 0.0, 0.0, 0.0, 0.0, 0.0], [0.0, 0.0, 0.0, 0.0, 0.0, 0.0, 0.0, 0.0, 0.0, 0.0, 0.0, 0.0, 0.0, 0.0, 0.0, 0.0, 0.0, 0.0, 0.0, 0.0, 0.0, 0.0, 0.0, 0.0, 0.0, 0.0, 0.0, 0.0, 0.0, 0.0, 0.0, 0.0, 0.0, 0.0, 0.0, 0.0, 0.0, 0.0, 0.0, 0.0, 0.0, 0.0, 0.0, 0.0, 0.0, 0.0, 0.0, 0.0, 0.0, 0.0, 0.0, 0.0, 0.0, 0.0, 0.0, 0.0, 0.0, 0.0, 0.0, 0.0, 0.0, 0.0, 0.0, 0.0, 0.0, 0.0, 0.0, 0.0, 0.0, 0.0, 0.0, 0.0, 0.0], [0.0, 0.0, 0.0, 5.208333333333334e-05, 0.0, 0.0, 0.0, 0.0, 0.00140625, 0.0, 0.00020833333333333335, 0.0, 0.0, 0.0, 0.0, 0.00015625, 0.0, 0.0, 0.0, 0.00020833333333333335, 5.208333333333334e-05, 0.0, 0.0, 0.0, 0.0, 0.0, 0.0, 0.0, 0.0, 0.0, 0.0, 0.0, 0.0, 0.00010416666666666667, 5.208333333333334e-05, 0.0, 0.00010416666666666667, 0.0, 0.0, 0.0, 0.0, 0.00010416666666666667, 0.00010416666666666667, 0.0, 0.0, 5.208333333333334e-05, 0.0, 0.0, 0.0, 0.0, 5.208333333333334e-05, 0.0, 5.208333333333334e-05, 0.0, 0.00020833333333333335, 0.0, 0.0, 0.0, 0.0, 0.0, 0.0, 0.0, 0.0, 0.0, 0.0, 0.0, 0.0, 0.0, 0.0, 5.208333333333334e-05, 0.00010416666666666667, 0.0, 0.0], [0.0, 0.0, 0.0, 0.000625, 0.00010416666666666667, 0.0, 0.0, 0.0, 0.0, 0.0, 0.0, 0.0, 0.0, 0.0, 0.0, 0.00010416666666666667, 0.0, 0.0, 0.0, 0.0, 0.0, 0.0, 0.0, 0.0, 0.0, 0.0, 0.0, 0.0, 0.0, 0.0, 0.0003125, 0.0, 0.0, 0.0, 0.0, 0.0, 0.0, 0.0, 0.0, 0.0, 0.0, 0.0, 0.0003125, 0.00010416666666666667, 5.208333333333334e-05, 0.0, 0.0, 0.0, 0.00036458333333333335, 0.0, 0.00010416666666666667, 0.0, 0.0, 0.0, 0.00015625, 0.0, 0.0, 0.0, 0.0, 0.00020833333333333335, 0.0, 0.0, 0.0, 0.0, 0.0, 0.0, 0.0, 0.0, 0.0003125, 0.0, 5.208333333333334e-05, 0.0, 0.0], [0.0, 0.00026041666666666666, 0.00026041666666666666, 0.0004166666666666667, 0.0009895833333333334, 0.000625, 0.00010416666666666667, 0.0004166666666666667, 0.000625, 0.0006770833333333334, 0.00010416666666666667, 0.00036458333333333335, 0.0, 0.0, 0.00015625, 0.00020833333333333335, 0.0003125, 0.00026041666666666666, 0.0, 0.00015625, 0.0, 0.00046875, 0.00020833333333333335, 0.0, 0.0, 0.0, 0.0, 0.0, 0.0, 0.0003125, 0.0, 0.00234375, 0.00036458333333333335, 0.00020833333333333335, 0.0003125, 0.0011979166666666666, 5.208333333333334e-05, 0.0006770833333333334, 0.00010416666666666667, 0.00010416666666666667, 0.0007291666666666667, 0.0007291666666666667, 0.00015625, 0.0011458333333333333, 0.00026041666666666666, 0.00015625, 0.0022395833333333334, 0.0009895833333333334, 0.00015625, 0.0009895833333333334, 0.00015625, 0.0, 0.00296875, 0.0010416666666666667, 0.0009375, 0.0005208333333333333, 0.0008854166666666666, 0.00015625, 0.0005208333333333333, 0.000625, 0.00109375, 0.0, 0.0, 0.0, 0.0, 0.0, 0.0, 0.0005729166666666667, 0.00015625, 0.0005729166666666667, 0.00015625, 0.00015625, 0.0], [0.0, 0.0008333333333333334, 0.0008854166666666666, 0.0008333333333333334, 0.000625, 0.00020833333333333335, 0.0004166666666666667, 0.00026041666666666666, 0.0003125, 0.0005208333333333333, 5.208333333333334e-05, 0.00036458333333333335, 0.00010416666666666667, 0.0, 0.0, 0.0020833333333333333, 0.0009375, 0.0003125, 0.00010416666666666667, 0.00036458333333333335, 0.00010416666666666667, 0.0008854166666666666, 0.00015625, 0.0, 0.0, 0.0, 0.0, 0.0, 0.0, 0.0, 0.00234375, 0.0, 0.0005208333333333333, 0.0004166666666666667, 0.00109375, 0.0006770833333333334, 0.00078125, 0.00046875, 5.208333333333334e-05, 0.00020833333333333335, 0.0008333333333333334, 0.0013020833333333333, 0.000625, 0.0003125, 0.0011458333333333333, 0.0005208333333333333, 0.0015625, 0.0010416666666666667, 0.00010416666666666667, 0.0009895833333333334, 0.00125, 0.0008333333333333334, 0.00140625, 0.0005208333333333333, 0.00078125, 0.0003125, 0.0005729166666666667, 0.0010416666666666667, 0.00078125, 0.0005729166666666667, 0.0009895833333333334, 0.0, 0.0, 0.0, 0.0, 0.0, 0.0, 0.0003125, 0.0018229166666666667, 0.00010416666666666667, 5.208333333333334e-05, 0.0003125, 0.00140625], [0.0, 0.0013020833333333333, 0.005572916666666667, 0.001875, 0.0040625, 0.00109375, 0.0020833333333333333, 0.0049479166666666664, 0.005989583333333334, 0.0040625, 0.00421875, 0.000625, 0.0, 0.00010416666666666667, 0.0008333333333333334, 0.0022395833333333334, 0.00375, 0.004322916666666667, 0.0025, 0.0033333333333333335, 0.0038020833333333335, 0.0, 0.00036458333333333335, 5.208333333333334e-05, 0.0, 0.0, 0.0, 0.0, 0.0, 0.0, 0.00036458333333333335, 0.0005208333333333333, 0.0, 0.006197916666666667, 0.00359375, 0.0013020833333333333, 0.0011979166666666666, 0.0027083333333333334, 0.0015104166666666666, 0.0016145833333333333, 0.008697916666666666, 0.0030208333333333333, 0.002864583333333333, 0.004166666666666667, 0.0015104166666666666, 0.002864583333333333, 0.004427083333333333, 0.005104166666666667, 0.0009895833333333334, 0.0022395833333333334, 0.0030208333333333333, 0.001979166666666667, 0.0059375, 0.00328125, 0.0035416666666666665, 0.0030208333333333333, 0.002864583333333333, 0.0021875, 0.0027083333333333334, 0.004583333333333333, 0.0025, 0.0008854166666666666, 0.00015625, 0.00015625, 0.00026041666666666666, 0.00078125, 0.0009895833333333334, 0.00328125, 0.0017708333333333332, 0.0015625, 0.0006770833333333334, 0.002864583333333333, 0.0021354166666666665], [0.0, 0.0033854166666666668, 0.004427083333333333, 0.0040625, 0.0033333333333333335, 0.0016145833333333333, 0.00578125, 0.003958333333333334, 0.00359375, 0.004375, 0.0022916666666666667, 0.0011458333333333333, 0.00026041666666666666, 0.0, 0.00036458333333333335, 0.0017708333333333332, 0.00328125, 0.0032291666666666666, 0.00171875, 0.004791666666666666, 0.00484375, 0.00078125, 0.00046875, 0.0, 0.0, 0.0, 0.0, 0.0, 0.00010416666666666667, 0.0, 0.00020833333333333335, 0.0004166666666666667, 0.006197916666666667, 0.0, 0.0033333333333333335, 0.0033854166666666668, 0.0025520833333333333, 0.0034895833333333333, 0.0008854166666666666, 0.00265625, 0.0035416666666666665, 0.0047395833333333335, 0.004375, 0.008697916666666666, 0.0065625, 0.0040104166666666665, 0.0036979166666666666, 0.00375, 0.0030208333333333333, 0.0040625, 0.007760416666666666, 0.0035416666666666665, 0.002916666666666667, 0.002864583333333333, 0.00375, 0.0016145833333333333, 0.0013541666666666667, 0.0033333333333333335, 0.006145833333333333, 0.001875, 0.0046875, 0.0011458333333333333, 0.0011979166666666666, 0.00020833333333333335, 0.0005208333333333333, 0.0, 0.0013020833333333333, 0.0036458333333333334, 0.0036979166666666666, 0.0015625, 0.0028125, 0.0027083333333333334, 0.0034375], [0.0, 0.0049479166666666664, 0.0033333333333333335, 0.004375, 0.00265625, 0.004427083333333333, 0.0025520833333333333, 0.00890625, 0.00125, 0.0025, 0.002447916666666667, 0.0011979166666666666, 0.00015625, 0.00015625, 0.00010416666666666667, 0.005416666666666667, 0.00390625, 0.0026041666666666665, 0.0033854166666666668, 0.007760416666666666, 0.0034895833333333333, 0.0003125, 0.0009895833333333334, 0.0, 0.0, 0.0, 0.0, 0.0, 5.208333333333334e-05, 0.0, 0.0003125, 0.00109375, 0.00359375, 0.0033333333333333335, 0.0, 0.0022916666666666667, 0.0036458333333333334, 0.00265625, 0.0020833333333333333, 0.0032291666666666666, 0.0026041666666666665, 0.004114583333333333, 0.002864583333333333, 0.006822916666666666, 0.004270833333333333, 0.008229166666666666, 0.0053125, 0.00140625, 0.0027604166666666667, 0.0053125, 0.0033854166666666668, 0.00265625, 0.003958333333333334, 0.0026041666666666665, 0.0059375, 0.004375, 0.0047395833333333335, 0.005104166666666667, 0.0038541666666666668, 0.00359375, 0.0025, 0.000625, 0.00010416666666666667, 0.0005208333333333333, 0.00015625, 0.0006770833333333334, 0.0005208333333333333, 0.002864583333333333, 0.00375, 0.0030729166666666665, 0.0013020833333333333, 0.00265625, 0.00359375], [0.0, 0.00125, 0.008489583333333333, 0.0015104166666666666, 0.0025520833333333333, 0.0020833333333333333, 0.002916666666666667, 0.0053125, 0.002447916666666667, 0.003958333333333334, 0.002864583333333333, 0.0013541666666666667, 5.208333333333334e-05, 0.0, 0.000625, 0.00265625, 0.0038020833333333335, 0.0027083333333333334, 0.0011979166666666666, 0.005104166666666667, 0.005104166666666667, 0.00026041666666666666, 0.00046875, 0.0, 0.00010416666666666667, 0.0, 0.0, 0.0, 0.0, 0.0, 0.0011979166666666666, 0.0006770833333333334, 0.0013020833333333333, 0.0033854166666666668, 0.0022916666666666667, 0.0, 0.00036458333333333335, 0.0021875, 0.0010416666666666667, 0.00078125, 0.00265625, 0.0040104166666666665, 0.003125, 0.002916666666666667, 0.004166666666666667, 0.0034895833333333333, 0.0036979166666666666, 0.00296875, 0.0009895833333333334, 0.0020833333333333333, 0.005364583333333333, 0.00125, 0.005625, 0.0031770833333333334, 0.0009375, 0.0031770833333333334, 0.0032291666666666666, 0.00140625, 0.0030208333333333333, 0.0036979166666666666, 0.004270833333333333, 0.00036458333333333335, 0.00010416666666666667, 0.00026041666666666666, 5.208333333333334e-05, 0.00036458333333333335, 0.0016666666666666668, 0.0046875, 0.003125, 0.0026041666666666665, 0.0009895833333333334, 0.0022916666666666667, 0.00140625], [0.0, 0.030208333333333334, 0.0040625, 0.07114583333333334, 0.00359375, 0.0017708333333333332, 0.00140625, 0.003958333333333334, 0.0027083333333333334, 0.0016666666666666668, 0.0014583333333333334, 0.00046875, 0.0, 0.0, 0.0009895833333333334, 0.001979166666666667, 0.0022916666666666667, 0.0014583333333333334, 0.026770833333333334, 0.0025, 0.0017708333333333332, 0.00026041666666666666, 0.00020833333333333335, 0.00015625, 0.0, 0.0, 0.0, 0.0, 0.00010416666666666667, 0.0, 5.208333333333334e-05, 0.00078125, 0.0011979166666666666, 0.0025520833333333333, 0.0036458333333333334, 0.00036458333333333335, 0.0, 0.00125, 0.00036458333333333335, 0.05005208333333333, 0.0007291666666666667, 0.00109375, 0.0035416666666666665, 0.0025520833333333333, 0.0021354166666666665, 0.007916666666666667, 0.002447916666666667, 0.002395833333333333, 0.04421875, 0.0016666666666666668, 0.0011979166666666666, 0.04770833333333333, 0.00109375, 0.0006770833333333334, 0.0025, 0.0025, 0.0036979166666666666, 0.0040625, 0.0027604166666666667, 0.0013020833333333333, 0.0018229166666666667, 0.00010416666666666667, 0.0, 0.0, 0.0, 0.0, 0.00010416666666666667, 0.00109375, 0.0022395833333333334, 0.0013020833333333333, 0.0005729166666666667, 0.0025520833333333333, 0.0490625], [0.0, 0.0016145833333333333, 0.0038541666666666668, 0.0015104166666666666, 0.006666666666666667, 0.0027083333333333334, 0.0033333333333333335, 0.00390625, 0.004166666666666667, 0.0047395833333333335, 0.00515625, 0.00125, 5.208333333333334e-05, 0.00036458333333333335, 0.0016666666666666668, 0.0032291666666666666, 0.0025520833333333333, 0.003958333333333334, 0.0018229166666666667, 0.0033854166666666668, 0.005989583333333334, 0.0005208333333333333, 0.0005729166666666667, 0.00015625, 0.00026041666666666666, 0.0, 0.0, 0.0, 0.0, 0.0, 0.0006770833333333334, 0.00046875, 0.0027083333333333334, 0.0034895833333333333, 0.00265625, 0.0021875, 0.00125, 0.0, 0.00125, 0.0010416666666666667, 0.004270833333333333, 0.0027604166666666667, 0.00296875, 0.0038541666666666668, 0.0025520833333333333, 0.0034375, 0.004791666666666666, 0.0031770833333333334, 0.0021354166666666665, 0.004583333333333333, 0.007604166666666667, 0.0018229166666666667, 0.0109375, 0.005208333333333333, 0.004427083333333333, 0.0036458333333333334, 0.0033333333333333335, 0.0046875, 0.00453125, 0.003958333333333334, 0.0028125, 0.00046875, 5.208333333333334e-05, 0.00020833333333333335, 0.0, 0.0003125, 0.00015625, 0.0031770833333333334, 0.0031770833333333334, 0.0028125, 0.00265625, 0.0033333333333333335, 0.0011458333333333333], [0.0, 0.0009375, 0.0018229166666